602
98
508
779
203
369
602
860
511
645
294
40
394
39
910
993
808
936
337
193
264
128
296
876
295
477
552
248
838
246
506
661
75
807
363
406
954
125
783
741
496
5
435
169
560
347
620
531
275
479
81
789
94
955
726
312
18
62
835
788
772
494
794
625
898
130
847
949
322
326
538
510
336
109
711
808
837
194
35
705
575
570
675
898
764
341
205
22
666
624
252
587
910
898
834
491
789
87
277
428
837
584
588
925
131
851
533
423
388
717
642
54
835
871
329
275
576
293
461
188
918
409
177
899
195
243
471
368
242
237
947
132
385
482
42
603
202
522
638
273
159
167
146
946
347
761
730
69
234
118
837
110
243
704
619
400
802
688
819
755
612
295
78
966
687
162
680
532
753
592
957
234
607
648
881
459
335
79
935
232
687
413
630
808
185
247
719
52
322
691
534
199
111
613
360
980
276
849
718
981
954
653
315
327
575
791
36
822
960
671
655
614
119
906
49
488
538
479
958
822
889
452
783
83
498
184
491
70
987
76
549
866
923
735
470
65
803
300
861
387
120
201
521
801
322
376
693
560
370
590
849
866
795
322
114
293
693
538
394
957
119
179
686
646
925
55
208
566
146
289
246
622
770
137
943
725
540
916
623
467
237
157
904
216
99
209
678
723
218
162
749
814
40
514
932
227
990
236
670
685
431
97
849
320
683
144
375
581
759
780
86
51
873
531
910
438
719
792
196
132
765
540
796
756
388
913
848
907
538
763
737
971
758
283
861
439
593
76
595
187
188
704
438
958
645
766
262
58
722
240
66
889
882
605
165
190
778
54
95
698
264
891
429
393
499
301
579
247
966
572
572
945
459
491
550
859
696
735
893
456
853
254
391
305
44
412
626
296
485
706
416
927
673
889
808
763
251
950
114
783
746
859
384
534
151
992
315
531
926
624
398
662
175
242
167
781
598
548
992
326
447
499
80
801
751
79
134
899
764
604
601
312
228
164
429
399
350
283
423
218
575
851
389
746
536
60
404
254
861
720
621
677
122
445
845
53
741
804
33
947
809
635
377
616
619
262
345
409
414
863
50
127
118
744
892
813
68
842
282
187
598
443
320
396
542
661
556
657
715
88
627
441
573
300
77
934
146
628
627
113
338
532
827
645
769
584
811
494
425
354
690
711
855
948
535
986
973
992
503
393
50
11
876
563
238
931
723
354
298
321
262
645
682
508
433
868
897
992
56
778
255
206
403
89
607
154
536
141
880
643
273
246
558
736
893
952
883
304
706
797
674
740
833
356
880
819
622
563
774
994
97
378
398
317
625
283
980
775
771
878
282
275
665
612
693
106
860
119
848
995
523
366
452
69
72
698
649
269
585
914
503
143
573
873
786
481
244
645
779
538
936
666
692
645
635
621
442
942
785
484
648
889
561
700
611
974
778
122
685
60
378
345
657
796
655
923
826
903
132
121
97
628
36
387
591
938
796
796
784
414
538
669
58
922
432
971
331
542
33
856
388
741
965
258
41
997
692
966
523
694
244
820
355
930
511
118
57
824
17
277
6
210
787
819
129
525
731
950
343
156
282
156
474
418
345
614
569
769
851
986
38
948
436
938
437
396
994
760
932
173
673
11
602
283
330
981
926
579
775
113
188
87
122
328
748
319
618
951
261
492
557
622
581
953
363
41
657
455
394
437
483
626
534
318
703
419
74
196
961
677
922
436
973
40
226
26
132
21
546
694
642
396
901
280
453
297
392
988
746
180
914
349
771
675
786
630
575
384
42
352
579
411
506
693
28
912
770
136
352
644
309
646
524
887
1000
205
78
755
440
497
583
268
70
287
370
223
547
575
859
840
647
821
28
154
360
601
340
279
452
494
87
174
749
601
414
53
391
390
170
23
628
844
764
888
966
406
773
263
146
44
620
953
701
225
1
218
308
531
861
769
259
368
198
449
216
832
878
140
986
635
137
702
898
172
221
343
613
784
679
129
910
422
999
441
372
5
491
111
670
127
715
492
429
28
883
300
86
792
283
149
829
10
58
641
780
11
956
60
727
758
159
328
773
737
313
466
785
383
214
864
791
220
221
305
863
483
208
217
889
819
704
134
3
54
312
447
695
952
858
947
698
463
772
969
331
373
723
965
843
135
549
908
974
54
201
905
232
791
730
382
459
817
168
898
897
623
81
9
45
773
672
32
106
515
989
351
599
716
542
762
334
955
760
697
445
418
312
889
121
757
651
879
279
854
263
882
283
266
574
954
60
717
339
542
129
910
873
518
111
614
711
452
497
423
843
298
545
15
23
372
313
589
997
199
262
276
804
410
324
62
99
270
881
909
307
803
233
360
356
577
138
479
430
809
493
431
412
403
574
67
3
781
77
410
213
479
378
443
544
879
16
55
319
70
190
335
813
147
533
308
634
791
29
766
344
63
681
586
990
699
40
368
317
523
618
534
94
446
975
279
457
450
748
156
197
767
578
777
594
883
843
412
277
19
290
876
463
59
854
8
592
403
946
941
198
254
372
535
582
334
71
630
678
267
576
485
928
866
616
473
276
312
54
328
505
868
836
13
185
884
39
857
999
868
224
489
729
9
962
131
66
281
20
615
266
735
534
461
393
902
500
838
641
698
258
227
563
111
23
134
391
376
216
873
360
455
586
412
334
15
306
172
517
843
855
917
817
146
123
1000
459
243
562
349
589
316
534
773
800
950
49
834
124
648
425
837
360
913
80
586
502
663
916
157
845
502
868
230
930
820
342
864
333
955
281
837
893
357
495
387
556
549
142
695
518
870
972
742
604
964
735
312
556
467
496
880
346
885
598
287
25
817
367
612
430
994
397
531
510
707
668
446
741
637
364
648
894
435
445
881
914
377
2
787
236
851
790
898
398
392
115
925
865
715
416
113
930
133
518
153
702
245
489
532
682
131
53
695
446
882
855
377
686
768
645
841
405
798
822
634
822
675
551
957
875
595
371
31
961
193
548
458
218
67
927
330
546
400
4
780
826
656
942
176
57
83
629
383
540
845
315
725
321
250
970
775
19
902
169
966
522
298
734
121
381
827
608
451
793
170
629
873
712
597
509
860
330
956
812
451
18
719
881
326
863
546
919
911
567
724
588
152
929
771
379
946
444
747
31
761
532
56
953
900
117
935
976
960
80
875
157
591
697
695
768
787
619
389
975
978
788
531
902
493
888
73
509
533
494
867
935
21
842
789
931
680
42
582
984
752
766
464
201
192
255
480
99
418
299
285
188
507
24
936
827
375
574
476
953
396
153
441
802
805
145
770
815
269
618
873
855
967
95
63
494
742
13
495
760
972
721
434
768
159
98
428
240
608
954
636
648
5
67
656
530
69
377
764
106
880
29
512
27
999
945
97
399
194
949
654
25
307
737
210
90
240
935
120
137
292
604
50
621
823
357
117
962
865
277
708
199
451
600
44
182
710
594
350
582
400
751
74
888
959
311
545
154
999
670
458
817
401
801
52
133
343
182
159
405
624
885
255
70
340
439
769
810
555
193
178
400
193
977
88
138
996
849
432
270
490
907
392
423
188
470
186
69
489
998
764
396
607
175
299
297
693
501
929
456
646
57
694
611
497
693
432
721
296
270
314
704
210
257
252
409
280
931
758
540
236
142
50
398
886
607
591
195
447
798
101
533
410
509
629
521
650
530
905
835
597
105
434
315
668
634
82
541
65
594
671
801
375
593
131
714
403
500
922
370
705
545
622
594
364
700
118
12
207
535
445
127
482
98
956
101
355
905
135
915
187
803
45
695
861
170
88
487
393
671
92
791
725
229
469
936
994
665
715
225
1
115
112
142
221
337
487
1000
964
28
586
276
520
4
583
201
361
617
734
73
616
984
331
932
694
461
385
550
643
679
9
230
753
237
980
170
418
454
43
341
519
144
360
205
576
450
859
47
568
838
748
830
788
288
889
548
175
774
395
830
958
931
573
277
16
970
172
829
457
759
459
236
413
103
929
580
52
799
600
533
884
886
490
230
82
316
916
732
508
145
523
141
329
45
849
71
603
660
973
493
87
656
315
971
662
101
939
806
577
206
226
11
159
134
523
62
68
671
498
136
996
143
556
958
703
314
124
537
238
738
267
533
791
516
419
413
436
193
628
867
638
51
955
228
584
443
169
736
307
275
120
703
76
893
203
97
682
883
189
577
779
465
135
528
237
243
710
840
887
160
499
104
651
278
129
498
174
72
408
758
624
288
854
51
447
148
469
506
332
672
626
841
811
215
487
815
678
871
842
570
154
691
862
147
179
929
967
816
432
392
149
679
281
156
151
240
23
640
883
430
747
634
389
129
268
108
763
734
238
908
135
740
1000
407
940
607
466
968
163
589
691
589
829
681
193
177
922
432
903
667
761
967
121
754
451
799
529
69
98
430
594
445
381
267
546
483
779
455
122
421
332
192
859
736
699
340
912
421
308
16
349
445
762
864
383
341
296
833
366
5
107
991
48
158
759
718
124
870
134
351
566
82
636
173
932
233
836
311
912
409
495
749
6
163
234
932
680
97
258
148
267
549
754
370
720
330
860
63
404
495
690
499
411
795
889
247
304
295
514
421
881
931
866
544
105
816
129
84
52
244
801
360
597
319
669
302
933
169
131
327
541
986
503
551
484
92
709
360
610
803
940
892
908
265
50
876
155
393
645
260
580
347
515
537
419
946
250
96
97
150
366
375
228
122
950
813
745
547
168
567
636
119
208
44
851
811
467
795
886
215
534
927
182
321
243
843
630
559
738
868
47
172
861
645
509
341
467
686
597
534
959
346
663
437
349
647
196
484
71
1000
530
671
651
995
277
14
591
987
735
807
504
101
317
872
174
277
209
792
756
814
40
976
857
267
722
873
409
606
35
841
412
833
547
568
447
662
995
235
741
283
706
736
955
957
437
737
234
720
151
460
387
985
104
37
536
105
475
502
477
935
231
152
375
988
992
720
78
239
807
178
218
674
994
924
405
160
747
905
725
950
283
655
480
659
90
696
400
957
747
273
254
302
490
243
149
330
98
764
111
392
466
594
299
594
597
85
537
734
987
412
637
995
393
331
58
319
626
615
789
152
819
674
201
996
500
888
69
845
715
1000
856
687
662
431
715
906
619
193
144
887
961
975
278
635
392
946
535
784
483
305
126
562
868
109
760
843
740
576
41
708
4
543
369
453
307
499
609
275
685
110
727
123
950
210
46
401
371
860
582
140
825
391
566
175
728
539
737
496
789
493
352
475
935
506
754
47
852
958
658
903
624
256
44
614
402
852
426
215
200
257
116
979
396
499
386
373
796
22
912
529
639
709
873
958
589
743
749
119
795
778
412
692
296
752
66
674
874
20
386
373
130
441
966
84
757
232
129
492
571
239
53
150
97
121
282
143
801
338
295
665
628
560
412
189
109
328
542
228
448
199
188
394
456
973
995
79
671
962
651
804
149
865
91
260
97
143
653
908
992
325
49
305
146
956
612
721
384
710
846
702
777
956
349
90
349
21
770
208
877
249
302
244
276
509
555
186
7
425
137
782
709
40
943
351
168
129
305
682
547
190
991
214
278
166
737
596
549
267
408
168
287
363
819
201
699
86
421
662
218
823
562
745
464
789
585
554
119
510
82
559
311
82
854
690
26
92
226
856
283
706
846
763
43
162
627
629
82
810
874
738
81
735
898
252
437
536
988
255
586
87
656
313
233
87
386
139
390
116
604
785
409
55
89
357
249
804
50
672
936
407
752
223
558
490
231
80
788
490
953
633
109
467
503
37
90
587
869
564
684
275
98
236
452
520
127
712
236
635
589
926
187
570
272
85
628
810
710
7
410
4
491
859
680
207
290
236
30
398
294
590
830
172
128
814
947
113
92
62
703
801
612
602
332
340
214
457
294
505
611
257
28
682
463
380
946
318
763
791
840
308
822
627
642
340
670
751
968
918
727
814
460
840
77
694
592
226
54
773
368
480
472
338
886
668
545
107
324
425
211
507
888
214
279
544
229
875
654
628
910
659
275
349
153
605
89
545
803
655
999
388
128
220
505
670
284
155
184
174
601
569
156
739
672
593
330
473
597
190
626
909
456
481
497
308
351
148
679
198
961
699
576
188
811
970
210
66
716
360
898
168
71
83
488
26
23
258
670
467
665
340
128
839
646
45
776
455
867
292
69
818
281
366
711
268
381
704
762
410
773
248
147
646
431
169
561
77
241
961
40
97
724
229
715
594
444
950
943
142
294
136
564
414
777
956
965
321
1
27
458
438
953
667
992
177
326
218
518
102
18
990
424
12
475
124
493
963
395
230
392
58
271
512
532
532
109
668
633
288
678
17
349
154
42
542
980
821
140
390
67
255
148
782
976
265
95
165
612
453
475
780
930
421
992
256
960
294
877
130
50
363
747
748
144
34
751
363
592
638
504
575
366
358
704
411
871
517
40
655
425
345
279
399
521
362
23
376
687
152
767
670
543
139
808
710
876
142
128
789
979
793
258
113
946
846
250
320
637
228
808
57
969
804
429
348
103
598
124
304
168
569
583
312
591
700
518
371
366
372
940
700
217
587
381
905
710
755
781
589
9
539
556
749
272
404
240
529
257
516
1000
361
119
740
345
490
711
629
646
382
731
734
898
106
518
962
831
264
500
185
811
661
75
802
112
831
866
153
570
134
944
454
972
393
22
25
31
685
645
426
646
982
77
984
68
314
95
476
916
190
842
277
821
669
203
732
509
982
693
993
719
220
265
126
433
776
259
588
214
376
506
760
922
619
943
72
729
413
359
397
384
821
73
588
420
1
644
886
548
327
351
699
631
489
862
382
62
18
327
648
305
796
527
305
971
952
946
18
282
39
667
643
173
249
671
824
913
611
688
272
100
891
618
614
939
941
156
651
382
587
485
989
436
50
479
356
232
875
898
993
860
938
245
925
882
349
923
81
592
571
655
221
542
693
388
498
340
115
483
554
961
101
991
450
928
390
846
897
106
150
381
187
825
326
404
594
366
451
468
755
850
835
222
551
605
341
64
83
218
717
382
124
749
543
72
493
983
329
36
579
333
463
395
226
642
558
929
860
454
785
232
799
858
554
930
413
373
742
972
714
136
796
9
105
553
982
433
899
77
449
623
738
333
665
329
825
935
798
683
116
392
957
475
511
997
219
632
854
161
517
617
277
434
642
285
301
43
382
754
873
350
842
184
21
943
344
77
676
359
474
9
546
399
88
559
980
176
738
985
527
135
733
641
776
723
66
181
936
234
940
929
414
702
652
935
402
782
125
921
623
110
394
647
464
333
816
911
911
236
956
145
567
197
923
39
524
724
483
169
467
58
326
380
75
734
834
176
903
406
44
649
952
450
600
60
370
61
502
841
571
107
38
113
621
905
974
904
307
969
223
215
844
746
542
197
878
856
145
970
675
747
564
966
804
20
956
594
37
736
542
306
66
124
583
862
18
492
68
647
261
254
454
102
396
838
454
343
238
318
199
745
854
550
459
699
244
498
383
411
881
976
482
474
435
485
236
427
301
484
528
690
17
457
253
934
379
892
228
989
87
539
77
40
798
351
716
539
642
456
795
839
613
514
670
645
921
51
980
729
354
155
684
654
63
211
998
253
383
792
163
236
822
908
249
286
373
551
610
730
954
348
352
362
126
39
610
350
918
375
879
978
509
951
659
733
725
429
561
276
868
604
34
756
869
193
516
601
337
745
645
720
983
641
991
879
529
528
42
855
505
326
36
486
719
688
532
175
949
850
707
361
511
347
634
331
150
598
571
706
28
29
645
881
925
691
305
398
981
315
850
30
502
324
298
574
634
787
872
219
985
595
651
41
353
661
408
732
364
492
432
525
169
148
732
779
71
756
25
319
281
798
512
813
454
324
919
752
244
150
208
357
186
988
517
680
400
762
702
932
69
883
663
828
202
483
86
272
568
239
63
682
91
410
942
636
220
756
545
670
166
308
777
206
288
838
549
317
318
316
946
575
404
972
63
83
624
102
125
658
630
488
943
168
354
91
16
796
450
135
528
909
915
264
632
400
54
657
147
872
675
536
709
895
224
809
620
458
112
50
284
36
352
112
877
657
144
295
822
548
840
670
765
577
582
601
747
339
232
788
170
52
322
555
265
567
75
584
775
208
392
296
769
811
472
947
16
977
734
230
588
622
5
944
548
78
499
343
10
894
372
354
840
51
711
642
870
283
726
471
448
870
60
337
636
780
887
359
768
193
43
337
376
188
962
121
128
125
777
340
877
292
327
890
833
726
412
350
574
666
190
622
854
219
519
925
373
516
262
339
168
249
950
511
378
666
246
233
754
989
24
380
99
256
33
780
765
194
246
611
505
336
704
804
203
477
452
428
163
702
606
731
953
559
504
974
89
71
58
359
774
666
736
444
130
234
691
539
988
64
688
759
482
558
886
718
381
485
451
761
189
24
688
299
784
735
940
632
652
535
864
635
922
149
569
803
456
320
396
675
733
694
440
642
81
342
157
537
320
5
948
345
342
991
751
709
493
396
392
32
911
412
485
606
688
111
631
446
384
799
780
967
724
40
58
771
637
618
909
844
749
25
887
822
219
226
522
650
488
910
251
485
602
36
158
73
110
722
747
500
310
169
639
807
681
663
476
908
620
738
251
92
374
740
364
733
473
57
245
175
974
536
253
20
491
745
612
77
101
934
403
423
107
938
377
615
144
113
288
441
723
809
363
546
883
189
800
919
964
715
297
39
151
331
584
533
60
174
793
138
488
160
120
508
686
677
974
498
732
934
210
751
438
462
954
701
153
80
912
212
812
656
671
588
629
766
350
630
829
387
749
296
713
495
478
100
973
455
29
712
207
686
451
435
594
931
16
847
113
810
482
595
121
775
275
1000
819
154
551
517
371
943
264
853
293
912
585
910
333
525
413
216
426
987
339
436
832
551
146
193
83
212
953
612
597
963
517
507
775
231
120
639
932
829
223
171
752
128
611
84
545
618
321
906
744
219
657
347
438
483
555
430
521
750
326
61
124
980
108
665
772
516
869
994
784
389
929
443
425
71
743
486
206
671
337
202
756
855
986
947
465
384
876
560
239
248
215
182
398
632
708
236
179
979
169
957
390
859
854
9
866
882
974
263
854
792
469
599
330
863
484
533
816
340
633
896
931
729
743
682
605
731
857
289
237
412
528
565
446
885
626
285
766
447
363
434
57
447
377
739
550
820
717
985
630
972
40
630
116
937
114
862
987
541
210
977
691
817
417
711
674
576
733
40
107
546
483
318
693
228
175
198
643
794
856
429
757
637
882
95
275
115
816
903
161
718
125
125
82
406
284
577
930
120
124
635
190
902
505
505
883
975
775
689
60
451
41
595
401
423
326
800
487
537
49
348
409
231
171
5
86
755
530
119
10
57
742
729
663
436
825
311
991
210
336
242
678
766
209
849
424
185
610
450
478
282
445
404
496
54
30
883
905
187
10
126
140
861
645
639
516
545
624
911
649
494
819
217
281
745
968
556
746
815
545
982
441
796
320
902
304
257
73
852
767
672
856
14
989
184
755
848
831
826
673
113
268
250
453
691
656
141
173
176
548
452
213
452
991
855
646
563
199
383
476
702
791
344
599
490
58
774
626
435
646
730
535
779
483
127
461
746
551
565
540
233
91
741
168
594
232
287
351
734
2
499
50
40
741
77
329
721
92
571
404
861
332
493
186
378
842
159
828
773
903
201
707
567
248
669
817
789
475
73
160
662
785
878
429
852
414
648
690
759
472
257
864
57
820
629
73
302
867
203
503
976
653
566
98
555
534
650
853
423
101
266
6
37
379
318
281
352
448
997
753
938
749
58
145
118
716
677
334
110
481
656
11
957
783
364
981
726
498
509
186
257
135
286
85
615
947
629
238
480
165
110
978
277
519
309
910
407
895
597
886
376
104
462
440
598
87
617
756
986
217
975
761
929
330
825
468
714
209
248
234
707
308
95
243
559
646
648
397
433
422
255
641
325
983
956
592
236
740
85
819
773
820
45
849
420
819
187
426
584
472
251
934
386
939
176
802
639
436
844
526
205
884
912
139
396
481
526
41
956
247
172
849
22
240
124
415
619
431
391
193
271
774
1
887
838
180
719
995
570
73
664
640
887
859
226
850
905
12
155
477
404
169
489
655
448
297
963
630
87
655
675
433
736
596
110
822
249
306
839
303
79
444
314
639
507
385
632
334
909
406
333
66
931
709
948
731
841
822
267
33
483
65
543
51
435
928
553
470
470
236
760
895
221
264
734
794
748
473
815
259
45
239
857
775
499
276
117
35
768
33
883
908
721
874
480
839
948
770
268
559
43
626
193
569
61
970
53
704
177
67
959
370
484
898
149
354
479
408
31
399
773
968
501
286
826
479
694
815
100
59
670
28
865
94
58
679
182
617
989
904
484
535
792
864
870
239
952
651
982
517
60
81
743
264
681
400
86
401
343
134
749
914
865
755
628
733
975
135
615
543
65
915
622
226
789
851
867
133
611
749
118
591
324
640
786
214
964
293
2
650
721
989
467
767
170
921
952
376
773
898
926
59
807
137
554
842
464
135
61
600
570
929
580
708
156
832
440
328
412
552
821
170
963
786
646
613
505
864
165
829
441
352
705
922
446
264
208
19
660
678
614
790
953
878
744
159
70
225
50
419
76
194
259
340
313
398
589
649
259
583
509
388
634
452
533
226
1
359
289
443
299
715
284
576
145
922
278
708
720
452
217
660
364
920
702
570
686
751
940
508
345
195
674
301
788
926
691
102
409
645
430
1000
867
645
80
885
621
914
598
182
46
438
787
909
950
926
764
38
980
713
612
691
757
596
451
577
632
956
311
863
333
644
335
351
454
301
870
999
952
272
791
470
478
192
625
474
932
510
499
652
208
259
845
447
342
623
981
945
384
86
726
689
67
947
836
393
36
147
102
979
763
198
133
751
342
337
963
352
836
421
979
311
316
460
733
371
385
507
317
687
288
207
728
69
561
692
515
437
561
255
211
476
201
432
590
844
463
641
223
826
659
149
548
984
183
492
878
350
873
828
795
488
408
715
939
837
382
571
550
7
776
282
107
378
200
939
452
83
469
616
844
400
469
132
804
514
288
837
30
274
478
968
143
194
500
961
26
669
414
139
308
359
756
152
366
763
960
282
84
906
812
815
840
522
310
303
675
721
96
846
219
925
872
938
81
78
947
21
732
10
873
135
680
262
923
27
204
186
652
991
368
665
496
100
644
624
486
666
639
3
850
933
730
495
957
434
334
758
916
364
264
506
635
205
239
40
331
860
162
244
342
220
80
728
460
471
478
846
390
259
567
369
272
992
967
624
50
847
743
444
122
191
320
643
739
882
209
802
973
904
331
323
193
823
566
690
597
539
27
506
926
588
568
148
972
835
543
509
14
609
520
267
897
563
14
937
187
98
691
301
224
259
515
523
354
813
847
137
16
233
832
560
550
528
464
1
850
96
852
690
584
984
572
175
758
811
790
203
325
641
950
3
567
612
979
722
690
999
15
649
324
444
104
840
317
33
51
626
339
293
360
662
153
240
35
435
118
736
43
817
431
526
1000
775
228
763
37
272
51
621
705
501
73
259
955
209
526
443
788
389
950
141
484
90
399
990
893
346
119
561
745
926
942
4
104
418
833
162
641
187
617
951
60
8
470
662
542
210
297
660
448
779
138
624
586
229
777
472
655
543
427
49
745
694
772
49
914
850
371
952
657
171
660
641
316
66
517
465
774
876
920
912
16
188
87
288
215
779
575
613
913
491
569
622
477
633
56
953
167
755
607
458
890
625
282
580
867
362
683
304
801
881
550
627
946
272
28
213
550
38
333
524
815
781
142
555
311
724
490
110
5
495
374
262
312
328
380
354
167
94
964
482
487
846
469
313
782
53
625
536
334
873
21
244
332
315
723
814
943
597
773
686
409
972
295
778
894
367
934
193
988
942
842
859
481
971
324
707
208
175
356
800
25
609
115
855
678
963
425
397
580
931
406
786
459
175
751
208
451
926
23
37
770
933
853
143
175
159
614
391
625
994
471
352
886
273
983
29
758
547
101
573
933
291
636
774
308
626
131
899
816
597
533
926
13
651
911
400
515
793
629
765
999
847
692
298
584
143
463
122
977
324
749
338
557
631
89
640
378
496
656
120
560
558
438
389
252
349
474
738
34
482
471
975
71
541
834
61
33
943
341
544
13
574
390
342
47
477
28
531
821
836
500
227
311
192
341
731
172
481
465
58
713
163
211
32
333
775
161
364
378
649
731
199
427
370
170
947
585
843
143
398
835
481
416
772
447
658
625
364
681
680
300
91
421
455
944
429
389
998
75
449
962
909
750
886
434
593
986
310
130
147
923
491
380
893
942
742
686
872
964
627
51
550
342
862
221
420
409
28
725
694
373
604
226
381
929
626
900
67
893
616
929
59
293
169
962
655
321
323
64
401
989
174
634
285
652
86
404
280
244
84
367
308
227
953
200
599
585
691
81
870
465
135
331
596
360
570
774
711
572
656
495
466
862
662
252
227
573
287
490
856
817
90
570
225
179
748
968
389
14
742
888
801
632
218
326
445
318
713
59
138
996
278
907
967
755
633
665
513
119
83
733
628
919
89
145
349
812
676
296
584
19
179
100
473
539
122
27
57
664
122
75
928
540
322
733
375
773
31
894
153
279
456
401
159
752
882
190
408
86
88
349
734
820
749
441
238
252
834
243
712
653
798
879
502
704
495
541
153
591
189
425
989
214
733
227
244
987
102
750
21
709
471
31
756
872
753
853
345
706
128
110
149
939
248
116
405
602
998
497
315
544
219
345
713
844
836
402
542
482
599
45
643
844
126
853
382
802
965
678
939
548
511
795
447
498
429
238
569
158
378
165
112
665
43
374
132
477
798
527
424
12
582
365
592
471
349
867
877
90
751
914
272
687
267
591
240
298
122
869
534
343
411
381
863
619
976
980
961
814
389
698
480
806
217
816
772
812
427
714
407
537
160
69
168
728
987
301
680
333
919
451
266
110
2
317
395
418
452
697
336
868
679
330
966
562
958
707
402
491
969
154
177
988
377
939
4
456
229
880
443
581
985
58
424
631
190
605
136
76
601
101
861
837
25
483
467
445
906
132
869
590
206
155
590
350
762
438
611
904
541
82
276
105
712
279
508
663
432
136
133
280
821
221
853
376
262
818
669
695
907
871
8
258
180
996
616
120
64
855
188
471
476
193
559
186
519
422
456
954
597
450
172
918
466
980
11
348
261
461
628
550
887
790
377
142
26
619
204
562
831
557
134
520
154
5
673
686
405
756
102
840
31
296
711
164
905
372
400
947
149
353
112
291
415
959
902
163
158
209
568
163
890
503
93
231
60
543
152
311
143
875
359
832
721
210
508
183
146
203
273
598
45
195
61
892
550
480
500
807
229
443
597
770
502
28
604
220
829
244
808
505
433
366
178
105
892
862
62
110
898
913
469
520
764
757
526
834
882
421
829
213
762
321
573
804
447
618
741
472
815
976
974
987
318
208
819
808
686
160
520
289
360
457
901
663
133
596
265
197
820
922
816
232
530
298
61
832
211
832
308
931
626
106
614
193
220
439
609
349
771
417
97
30
457
790
289
899
431
277
829
375
896
910
750
66
674
6
244
955
541
284
161
268
170
251
762
762
824
255
18
877
757
946
587
396
867
518
535
800
472
670
240
631
505
402
893
937
250
657
798
785
457
608
821
52
607
398
435
763
113
761
13
649
187
44
604
558
805
240
955
132
407
141
675
170
609
997
372
997
238
372
710
37
211
474
210
99
624
891
312
354
255
218
95
493
74
169
797
914
946
182
195
900
201
185
473
186
936
716
807
600
149
26
971
491
791
379
276
78
72
310
165
912
194
938
351
474
459
22
197
27
330
118
562
963
877
870
193
514
959
270
985
986
734
667
215
596
402
832
3
102
311
817
331
75
373
599
35
653
989
370
148
411
146
93
874
579
362
830
614
947
722
443
477
43
737
46
552
127
954
503
665
410
189
138
156
170
843
774
218
285
642
266
857
545
35
306
771
480
35
594
120
978
381
667
292
966
48
802
786
534
879
491
290
935
685
451
621
752
446
530
772
718
421
550
754
991
367
842
863
222
441
914
329
82
110
651
213
686
358
459
843
303
132
420
613
384
851
68
433
751
174
841
637
510
274
300
950
689
187
564
461
513
881
786
146
154
988
530
516
826
376
460
692
415
901
128
914
66
666
772
335
334
211
824
720
821
83
161
734
126
713
75
402
831
840
271
755
479
871
489
739
572
706
905
254
449
219
960
846
73
643
116
504
37
161
905
835
194
129
1000
843
998
634
959
741
940
155
243
873
727
399
889
713
903
716
131
196
409
26
433
707
273
81
304
954
979
604
136
421
12
847
329
225
926
510
454
609
202
424
743
370
572
228
942
396
275
281
250
662
29
293
340
775
99
653
863
60
290
152
61
815
477
729
418
723
285
22
182
528
965
874
556
813
814
494
442
849
8
707
264
421
329
758
302
600
151
480
750
586
861
700
214
194
132
761
212
434
904
450
466
467
482
570
631
333
846
60
401
562
992
84
673
184
154
231
626
249
273
222
228
605
60
870
626
720
675
877
247
897
560
566
419
244
555
121
753
720
669
560
925
457
378
964
664
275
893
896
476
702
252
753
140
736
192
323
44
315
269
313
810
318
696
868
48
728
410
268
205
449
262
845
481
315
762
348
279
768
126
27
272
405
370
545
920
28
39
331
532
53
220
50
322
814
537
774
944
887
789
724
156
846
501
731
329
161
110
786
470
897
916
278
397
875
793
156
891
571
766
826
402
143
132
626
122
623
283
269
973
347
378
154
96
769
452
105
263
732
644
428
78
561
871
776
924
714
393
899
743
211
241
137
363
953
100
176
780
830
196
91
723
30
526
320
657
1000
161
279
933
347
18
393
998
10
112
173
640
929
355
655
473
371
996
867
52
353
927
93
285
974
119
913
118
167
411
992
555
478
111
27
400
242
578
282
741
260
635
247
13
513
996
945
713
632
506
90
142
330
185
811
96
641
107
724
835
556
657
78
950
384
371
644
154
898
249
196
525
52
785
196
650
992
317
148
683
140
520
208
47
724
726
917
505
67
104
884
515
364
32
402
613
828
129
993
473
665
627
876
373
144
951
901
409
225
265
484
249
104
633
116
902
291
781
980
431
204
611
689
203
118
210
349
144
345
516
189
627
905
122
86
122
496
203
344
428
217
676
370
90
764
887
488
22
799
560
83
668
319
298
528
878
963
205
746
215
550
994
696
520
590
972
111
729
290
158
653
619
915
918
975
59
749
808
799
349
19
688
594
784
172
379
372
665
31
418
595
449
965
41
481
432
318
106
721
152
879
615
128
696
348
836
347
96
127
860
875
487
467
54
982
65
211
519
38
171
243
193
12
455
691
191
190
795
134
567
381
921
784
900
187
487
939
280
717
978
532
227
270
107
527
250
48
529
948
972
643
195
295
647
333
285
814
84
404
305
347
875
884
872
961
100
221
376
35
944
942
376
637
172
622
222
636
337
21
527
299
272
561
663
75
604
200
678
742
730
997
750
451
637
951
549
848
646
158
772
59
80
451
322
92
904
237
760
62
701
792
612
149
399
1
540
867
215
893
907
530
917
365
901
254
138
927
500
51
53
426
152
879
779
634
166
892
721
621
649
38
342
887
892
849
369
634
390
877
907
605
103
94
635
171
32
400
772
45
122
841
821
635
620
160
674
591
180
75
49
484
604
752
225
517
221
423
534
448
937
503
198
12
597
318
100
952
409
860
379
283
40
202
761
406
305
77
839
364
261
50
292
446
637
435
678
265
182
503
8
965
35
253
18
686
692
542
363
776
262
711
277
127
321
142
295
387
90
306
556
615
741
724
19
371
49
505
792
978
418
665
248
907
988
338
991
966
961
791
178
222
323
688
112
288
842
824
497
285
568
901
973
141
765
601
806
31
374
764
705
931
293
40
389
673
670
837
58
362
941
566
690
397
717
567
475
311
51
391
261
955
299
159
200
210
490
485
914
681
809
860
306
227
807
827
927
868
882
549
746
673
62
847
254
154
898
494
745
547
321
691
836
244
123
840
296
247
920
818
171
276
183
791
4
220
859
692
287
534
281
383
606
988
217
967
489
959
831
186
645
813
717
372
514
229
69
416
194
429
447
952
148
926
38
96
626
620
570
920
471
260
835
392
839
228
29
316
282
240
559
933
689
777
742
450
244
149
394
439
130
297
222
712
308
948
107
143
636
484
223
914
192
670
67
264
651
223
359
237
152
633
601
146
254
634
463
973
932
473
854
668
153
598
952
214
52
82
824
601
653
814
835
64
475
97
267
980
246
257
157
54
17
729
347
618
958
670
96
615
237
452
932
533
362
101
857
180
122
66
700
934
290
768
626
886
537
619
766
322
959
246
450
721
272
515
421
167
249
232
177
848
321
601
277
188
103
661
10
211
49
165
759
31
422
145
791
410
177
278
478
677
99
919
81
82
935
458
46
846
46
193
157
837
875
541
623
650
201
406
769
20
298
951
585
803
796
333
980
693
396
123
945
711
410
220
712
556
826
494
234
812
870
594
515
390
594
697
145
141
808
353
76
308
409
60
907
30
534
614
24
119
424
729
522
135
716
216
159
96
594
126
878
835
996
961
546
934
276
704
291
432
352
237
242
254
180
366
664
656
483
126
580
739
496
390
160
857
20
286
870
808
413
699
788
577
96
76
340
761
989
779
928
452
668
702
980
226
943
4
35
687
61
565
544
440
616
884
609
534
740
595
832
70
713
408
796
42
536
689
10
866
360
325
276
183
586
562
268
378
905
306
929
71
634
676
554
97
539
15
628
230
28
955
551
81
456
207
680
149
557
627
1000
740
954
836
880
690
99
874
837
352
84
866
464
599
36
960
944
261
707
738
83
541
829
778
892
84
300
311
16
68
860
540
614
790
566
239
382
436
543
930
549
451
151
860
827
879
523
493
174
70
522
617
325
260
464
149
844
959
798
566
8
648
74
669
406
995
856
396
653
5
184
973
842
647
198
46
621
593
807
493
882
390
424
262
181
185
367
914
186
952
822
895
230
187
937
402
680
375
977
747
597
747
46
934
295
879
460
559
693
893
331
611
858
779
479
338
699
663
328
57
707
604
450
866
141
595
378
280
137
971
364
206
855
281
564
678
17
78
402
177
885
464
541
25
676
83
993
353
539
365
203
30
124
314
135
445
683
351
452
661
176
911
2
282
388
468
997
186
711
236
382
74
550
668
738
233
91
108
452
867
748
194
723
99
491
254
63
342
167
73
409
977
317
434
212
473
393
445
485
908
566
727
935
747
633
425
976
183
781
405
779
275
296
679
691
454
368
876
252
492
1
211
50
998
204
693
67
205
922
868
780
361
330
828
484
863
988
432
902
157
71
992
324
646
515
173
26
615
925
633
574
842
103
890
746
609
456
185
714
79
571
67
79
232
670
943
622
56
313
214
75
930
476
424
323
765
592
730
701
973
309
451
214
831
571
985
896
163
61
483
260
613
759
444
479
374
402
268
724
86
183
870
853
993
591
564
44
273
278
144
254
1000
654
448
37
461
807
266
291
323
625
411
472
485
564
237
705
637
623
137
470
715
457
146
395
508
814
86
600
137
492
257
376
154
88
76
507
615
43
134
273
987
378
319
43
152
664
782
128
277
335
117
72
869
140
183
899
939
281
763
685
372
454
828
602
251
682
644
199
594
381
116
58
887
649
386
44
944
264
952
486
112
115
491
650
190
348
447
321
82
437
229
967
539
272
616
602
446
671
271
989
841
260
114
821
4
333
546
801
633
996
528
534
335
931
99
751
123
504
926
287
695
305
23
678
190
340
744
522
18
290
321
811
883
509
142
290
404
70
589
341
816
822
583
720
950
253
520
598
140
49
467
680
639
306
720
262
423
152
617
43
617
312
180
391
69
276
183
752
745
719
39
346
901
605
343
726
878
506
592
906
582
954
357
507
743
168
937
246
195
855
256
63
211
332
722
410
835
2
992
319
36
550
464
551
241
215
398
476
706
875
325
518
544
779
427
390
473
398
167
984
81
769
281
306
768
657
93
338
778
30
439
264
23
466
211
655
672
661
961
790
703
47
393
597
661
654
988
378
589
39
589
658
623
131
693
512
172
210
319
250
967
956
196
429
607
928
331
33
233
351
989
78
907
666
162
859
796
487
859
189
98
699
662
99
267
818
38
168
348
551
869
787
853
494
888
122
726
946
552
778
605
563
624
895
34
347
859
727
925
851
244
387
289
282
799
196
325
754
155
801
615
466
532
615
765
870
288
10
484
329
244
27
260
629
316
805
979
443
294
260
800
528
142
259
752
168
848
706
864
40
608
663
921
195
781
312
481
631
520
679
335
168
300
658
269
134
341
827
900
637
961
738
701
746
997
899
926
496
888
581
315
661
2
665
464
747
194
310
850
568
379
745
141
341
335
831
673
761
671
372
496
103
570
373
834
218
548
914
157
372
329
446
503
294
522
916
880
278
20
401
822
211
281
383
961
37
708
197
329
564
951
799
232
146
307
89
838
99
149
125
591
772
416
351
240
833
230
817
551
987
621
481
67
355
220
936
762
788
909
873
67
796
223
922
94
820
122
192
68
590
559
986
525
335
719
331
341
261
548
52
635
854
745
807
752
11
678
541
962
791
704
808
602
376
339
559
997
295
427
732
519
767
426
670
713
811
873
266
245
413
853
75
977
694
691
149
670
527
383
461
63
385
898
722
559
592
258
651
955
195
242
850
46
359
465
843
475
764
360
350
227
1
499
422
786
122
594
36
724
462
278
497
936
880
249
513
498
913
263
11
513
422
613
490
136
827
828
431
331
973
760
433
683
555
394
763
933
64
229
953
57
894
2
765
29
585
815
701
49
245
837
229
846
224
673
517
374
77
41
944
9
181
166
343
861
137
739
595
486
578
719
535
999
166
132
686
139
49
780
100
961
198
146
873
568
32
798
3
93
175
968
838
736
826
286
247
332
668
48
634
685
684
118
364
535
750
339
721
759
722
195
752
138
789
600
758
274
875
512
569
651
537
415
358
527
606
882
877
927
451
875
268
880
767
508
455
421
829
706
806
763
195
669
903
934
446
730
880
23
210
125
932
296
507
206
490
643
863
538
73
489
524
732
722
632
43
635
684
95
535
426
450
985
441
396
243
882
545
90
310
244
284
560
734
758
351
161
202
363
502
135
861
990
252
187
951
764
737
779
156
807
1000
236
924
51
950
825
425
401
276
425
747
855
586
907
601
648
808
186
98
843
104
600
96
202
963
873
67
785
201
259
782
330
778
44
804
215
894
386
447
883
165
301
692
409
765
786
398
443
478
474
734
323
511
530
778
731
880
459
754
916
240
735
608
335
627
466
375
110
980
345
869
921
833
341
261
133
168
899
620
248
754
217
411
6
84
935
99
844
521
97
624
833
954
538
455
368
333
11
491
137
494
497
713
432
126
562
19
848
738
253
855
309
25
542
16
964
550
116
790
550
814
906
475
406
795
354
160
325
745
134
683
80
461
973
555
467
937
441
104
242
739
964
445
79
987
467
298
35
955
986
782
559
982
823
409
320
921
93
262
674
723
751
873
482
414
453
570
417
652
221
854
748
945
939
715
621
489
264
731
718
802
519
109
851
230
618
526
311
798
674
621
468
773
798
886
498
838
505
511
877
919
628
447
24
311
252
239
996
365
683
515
716
488
715
333
703
170
99
916
70
226
168
200
957
420
231
837
481
482
943
882
158
353
728
217
671
795
958
379
996
581
99
518
143
41
293
255
617
848
807
981
373
185
921
633
705
420
675
28
585
275
154
316
915
900
219
22
610
104
960
777
759
455
760
874
670
546
277
327
484
301
7
513
286
546
783
38
903
815
762
475
244
945
573
506
505
770
419
350
666
562
541
414
944
444
268
395
574
992
505
307
416
951
700
5
679
925
898
631
776
710
531
748
486
282
995
587
895
474
416
248
556
650
441
602
605
735
32
866
213
108
457
367
943
887
602
500
889
37
408
60
554
246
10
779
529
553
899
519
331
935
483
67
659
328
343
93
964
937
656
58
821
164
198
142
677
442
652
387
867
229
89
774
876
681
504
575
460
533
651
982
819
574
687
287
612
597
479
171
394
348
653
40
348
130
983
986
177
128
37
989
731
45
981
726
651
633
386
29
50
435
530
51
47
652
523
188
814
974
800
529
135
158
214
382
438
112
445
192
813
431
67
216
804
117
804
265
328
354
612
721
50
241
466
659
938
200
499
962
695
843
592
165
272
581
133
533
753
546
163
34
838
348
665
684
190
851
468
574
705
581
724
696
451
20
521
40
282
483
695
766
952
304
443
241
918
475
12
492
996
219
1000
882
606
43
689
129
814
686
646
619
520
992
519
590
808
124
115
717
704
874
594
200
926
81
194
559
690
54
121
413
721
46
349
257
91
259
211
478
36
448
523
422
993
621
120
913
686
259
952
594
304
960
846
198
895
28
480
900
418
606
579
41
261
220
306
96
866
59
945
115
72
443
354
458
563
316
535
410
141
735
654
561
516
919
157
635
139
104
655
935
340
238
352
186
807
958
750
342
42
657
318
11
434
179
598
656
417
805
915
153
737
287
300
778
498
580
853
451
842
543
58
895
341
118
415
190
285
547
830
494
564
304
162
113
60
703
797
976
917
716
152
984
240
339
834
313
783
503
149
772
247
41
8
838
983
205
704
310
366
313
178
234
972
480
398
851
279
916
34
205
424
242
527
768
780
246
847
277
283
161
346
251
295
159
470
316
358
112
762
260
320
972
997
133
617
46
385
23
413
817
332
277
778
233
711
895
525
23
560
48
112
900
63
618
763
442
684
931
191
705
644
110
909
770
427
457
597
599
539
15
156
766
697
167
687
474
763
634
355
239
275
65
228
328
777
499
709
560
487
778
864
469
772
513
154
188
929
613
992
944
338
577
716
11
905
428
764
572
872
233
665
464
137
38
349
182
958
335
909
529
673
11
865
227
519
190
535
273
619
896
731
633
673
322
963
620
378
394
455
953
787
855
884
460
429
47
495
404
882
745
543
466
330
674
547
920
856
965
471
437
83
137
503
77
429
811
991
931
116
294
41
316
700
350
817
247
816
497
635
152
357
961
210
323
177
717
89
57
482
510
146
853
278
21
581
119
685
631
611
308
880
223
104
635
904
839
497
732
747
289
511
141
648
50
332
644
308
223
44
809
336
587
223
135
791
531
588
778
196
479
412
225
479
608
900
234
951
968
894
865
749
601
678
456
499
137
81
893
68
546
455
761
655
470
682
336
275
716
472
701
973
922
435
752
743
83
390
968
819
137
158
841
195
559
450
852
182
187
928
696
154
501
518
699
536
756
933
343
363
219
199
703
34
876
523
728
565
981
640
209
399
51
500
960
601
458
15
514
17
222
282
818
613
784
239
959
30
369
376
891
614
945
477
208
624
917
632
674
712
233
637
458
567
225
644
576
145
7
750
677
138
789
882
205
322
320
278
126
787
733
800
623
456
629
838
376
109
82
271
78
495
105
401
826
419
19
998
376
554
992
602
481
693
30
820
962
15
111
494
33
505
746
962
241
896
148
425
954
435
219
523
637
500
349
838
55
238
814
417
448
90
637
264
908
798
934
480
993
613
791
673
226
332
521
40
667
81
102
262
47
416
430
201
74
536
567
567
923
636
97
394
888
186
800
674
713
773
921
732
866
985
304
233
171
680
838
369
469
160
545
118
467
572
232
141
92
588
307
406
337
462
948
32
991
193
112
676
547
14
899
688
120
570
986
64
833
178
187
481
777
119
65
792
528
723
476
453
19
157
735
529
409
200
865
487
281
32
724
280
963
139
862
838
927
200
197
888
655
789
128
176
327
325
828
165
624
331
147
240
825
704
583
208
920
124
398
842
986
867
462
145
356
613
227
871
252
590
327
285
472
432
974
121
349
876
602
508
134
333
595
414
661
828
995
112
317
418
952
363
21
826
165
469
925
130
95
728
307
348
126
290
90
883
748
993
449
86
525
211
436
145
856
85
184
217
158
476
219
913
780
82
801
368
711
554
433
621
742
927
611
298
956
654
808
388
348
535
414
409
623
91
498
420
921
420
868
4
444
409
989
147
502
489
1000
43
274
483
674
974
45
818
446
29
241
633
27
920
417
61
923
412
98
292
480
973
78
859
277
960
734
53
92
754
78
208
826
404
418
330
342
112
580
610
314
808
711
916
774
924
384
459
102
742
739
873
554
459
466
36
656
579
717
572
7
435
645
999
393
907
980
329
906
79
435
136
994
766
782
959
891
972
468
952
164
923
555
506
631
532
682
271
90
883
961
267
177
733
180
725
739
15
45
722
849
896
745
153
773
431
873
650
354
25
62
725
418
805
738
675
214
554
663
38
645
449
898
778
776
864
516
630
111
350
413
852
570
557
451
95
650
231
858
331
182
496
407
667
713
825
493
689
489
836
16
245
223
21
826
578
631
650
11
639
596
555
470
185
76
640
156
744
527
787
188
741
117
254
582
920
89
519
33
967
821
905
579
687
739
250
519
71
647
786
557
560
447
756
562
776
123
637
463
905
602
469
785
740
961
